letters = {
"e": 0.45063,
"s": 0.42182,
"a": 0.40586,
"r": 0.30316,
"o": 0.28193,
"i": 0.27897,
"l": 0.24621,
"n": 0.23124,
"t": 0.22992,
"d": 0.17676,
"u": 0.17051,
"c": 0.14648,
"y": 0.14253,
"h": 0.12986,
"p": 0.12459,
"m": 0.12130,
"b": 0.10253,
"g": 0.10204,
"k": 0.9118,
"w": 0.7456,
"f": 0.7077,
"v": 0.5003,
"z": 0.2271,
"x": 0.1860,
"j": 0.1366,
"q": 0.0741,
}
